1 1 625 145 255 255 255
1 1 615 155 255 255 255
1 1 605 165 255 255 255
1 1 595 175 255 255 255
1 1 585 185 255 255 255
1 1 575 195 255 255 255
1 1 565 205 255 255 255
1 1 555 215 255 255 255
1 1 545 225 255 255 255
1 1 535 235 255 255 255
1 1 525 245 255 255 255
1 1 515 255 255 255 255
1 1 505 265 255 255 255
1 1 565 265 255 255 255
1 1 625 265 255 255 255
1 1 625 295 255 255 255
1 1 625 325 255 255 255
1 1 625 355 255 255 255
1 1 735 195 255 255 255
1 1 745 185 255 255 255
1 1 755 175 255 255 255
1 1 765 165 255 255 255
1 1 775 155 255 255 255
1 1 785 145 255 255 255
1 1 835 145 255 255 255
1 1 845 155 255 255 255
1 1 845 175 255 255 255
1 1 825 165 255 255 255
1 1 835 175 255 255 255
1 1 845 205 255 255 255
1 1 845 235 255 255 255
1 1 835 245 255 255 255
1 1 825 255 255 255 255
1 1 815 265 255 255 255
1 1 805 275 255 255 255
1 1 795 285 255 255 255
1 1 785 295 255 255 255
1 1 775 305 255 255 255
1 1 765 315 255 255 255
1 1 755 325 255 255 255
1 1 745 335 255 255 255
1 1 735 345 255 255 255
1 1 735 355 255 255 255
1 1 795 355 255 255 255
1 1 845 355 255 255 255
2 1 185 535 127 127 127
2 1 185 565 127 127 127
2 1 185 595 127 127 127
2 1 185 625 127 127 127
2 1 185 655 127 127 127
2 1 1355 535 127 127 127
2 1 1355 565 127 127 127
2 1 1355 595 127 127 127
2 1 1355 625 127 127 127
2 1 1355 655 127 127 127
2 1 125 65 255 0 0
2 1 125 95 255 127 0
2 1 125 125 255 255 0
2 1 125 155 127 255 0
2 1 125 185 0 255 0
2 1 125 215 0 255 127
2 1 125 245 0 255 255
2 1 125 275 0 127 255
2 1 125 305 127 127 255
2 1 1415 65 255 0 0
2 1 1415 95 255 127 0
2 1 1415 125 255 255 0
2 1 1415 155 127 255 0
2 1 1415 185 0 255 0
2 1 1415 215 0 255 127
2 1 1415 245 0 255 255
2 1 1415 275 0 127 255
2 1 1415 305 127 127 255
2 1 1355 65 255 127 255
2 1 185 65 255 127 255
